>> AsymGibbs
***************** k = 2 *****************
Initialization:
Confusion Matrix for K-means : 
Confusion Matrix : 

confMtx =

        2755        1813
          33           0

Accuracy : 

accur =

    0.5988


ans =

    0.4012

Confusion Matrix for GMM : 
Confusion Matrix : 

confMtx =

        2493        1778
         295          35

Accuracy : 

accur =

    0.5494


ans =

    0.4506

**** Round = 1 **** k =2
Data R = -2303794.5872
Mu Prior R = -5.0386e-05
Sigma Prior R = -0.11765
Mu R = 0
results:
Mu Array :
  Columns 1 through 13

    0.0232    0.0149    0.0554    0.0015    0.0313    0.0164    0.0158    0.0095    0.0172    0.0132    0.0231    0.0563    0.0170
    0.0000    0.0135    0.0000    0.0000    0.0142    0.0000    0.0000    0.0000    0.0000    0.0033    0.0000    0.0195    0.0000

  Columns 14 through 26

    0.0059    0.0112    0.0125    0.0201    0.0205    0.0891    0.0047    0.0733    0.0071    0.0188    0.0076    0.0243    0.0146
    0.0000    0.0000    0.0000    0.0000    0.0000    0.0193    0.0000    0.0191    0.0000    0.0000    0.0000    0.3122    0.1953

  Columns 27 through 39

    0.0225    0.0113    0.0053    0.0136    0.0034    0.0048    0.0054    0.0049    0.0041    0.0097    0.0200    0.0016    0.0071
    0.0987    0.3540    0.2313    0.5576    0.2575    0.7161    0.0000    0.7161    0.1609    0.4185    0.0000    0.0000    0.0032

  Columns 40 through 52

    0.0088    0.0062    0.0093    0.0130    0.0040    0.0141    0.0082    0.0025    0.0032    0.0089    0.0137    0.0042    0.0083
    0.6761    0.0000    0.0087    0.0000    0.0040    0.0033    0.0032    0.0000    0.0000    0.0013    0.0962    0.0000    0.0000

  Columns 53 through 57

    0.0127    0.0022    0.0038    0.0052    0.0179
    0.0000    0.0007    0.0019    0.0010    0.0025

Sigma Array :
    0.0226    0.1500
    0.0146    0.2384
    0.0524    0.1570
    0.0015    0.3291
    0.0296    0.1177
    0.0162    0.1015
    0.0156    0.1345
    0.0094    0.0896
    0.0171    0.1319
    0.0129    0.0706
    0.0230    0.1937
    0.0504    0.1338
    0.0169    0.1256
    0.0059    0.1226
    0.0112    0.2251
    0.0121    0.0874
    0.0198    0.1410
    0.0202    0.1278
    0.0716    0.1189
    0.0047    0.0944
    0.0659    0.1560
    0.0071    0.3801
    0.0186    0.1695
    0.0075    0.0926
    0.0238    0.1670
    0.0146    0.1230
    0.0221    0.2917
    0.0113    0.1651
    0.0053    0.1350
    0.0136    0.1925
    0.0034    0.0938
    0.0048    0.1423
    0.0054    0.1056
    0.0049    0.1407
    0.0041    0.0717
    0.0097    0.1039
    0.0199    0.1446
    0.0016    0.1980
    0.0071    0.1348
    0.0088    0.1382
    0.0062    0.2829
    0.0092    0.2085
    0.0130    0.2205
    0.0039    0.1229
    0.0137    0.0993
    0.0081    0.1306
    0.0025    0.2996
    0.0032    0.1365
    0.0087    0.1569
    0.0115    0.0431
    0.0042    0.0805
    0.0075    0.0465
    0.0122    0.0839
    0.0022    0.0634
    0.0028    0.0770
    0.0040    0.0424
    0.0136    0.0745
    0.0000    0.0000
    0.0135    0.4305
    0.0000    0.0000
    0.0000    0.0000
    0.0142    0.2213
    0.0000    0.0000
    0.0000    0.0000
    0.0000    0.0000
    0.0000    0.0000
    0.0033    0.1067
    0.0000    0.0000
    0.0195    0.2012
    0.0000    0.0000
    0.0000    0.0000
    0.0000    0.0000
    0.0000    0.0000
    0.0000    0.0000
    0.0000    0.0000
    0.0193    0.1125
    0.0000    0.0000
    0.0191    0.1927
    0.0000    0.0000
    0.0000    0.0000
    0.0000    0.0000
    0.1353    0.1143
    0.0702    0.0708
    0.0333    0.0344
    0.1417    0.1335
    0.0977    0.0860
    0.2284    0.1930
    0.1030    0.0971
    0.2405    0.2207
    0.0000    0.0000
    0.2405    0.2207
    0.0644    0.0607
    0.1675    0.1578
    0.0000    0.0000
    0.0000    0.0000
    0.0032    0.1021
    0.2706    0.2550
    0.0000    0.0000
    0.0087    0.2771
    0.0000    0.0000
    0.0040    0.1275
    0.0033    0.1064
    0.0032    0.1020
    0.0000    0.0000
    0.0000    0.0000
    0.0013    0.0409
    0.0298    0.0257
    0.0000    0.0000
    0.0000    0.0000
    0.0000    0.0000
    0.0007    0.0115
    0.0004    0.0004
    0.0000    0.0002
    0.0005    0.0017

Confusion Matrix : 

confMtx =

        2534        1787
         254          26

Accuracy : 

accur =

    0.5564


ans =

    0.4436

>> 570748.130691620