>> AsymGibbs
***************** k = 2 *****************
Initialization:
Confusion Matrix for K-means : 
Confusion Matrix : 

confMtx =

         445        1337
        2343         476

Accuracy : 

accur =

    0.2002


ans =

    0.7998

Confusion Matrix for GMM : 
Confusion Matrix : 

confMtx =

        1151        1697
        1637         116

Accuracy : 

accur =

    0.2754


ans =

    0.7246

**** Round = 1 **** k =2
Data R = -1475336.6556
Mu Prior R = -4.8278e-05
Sigma Prior R = -0.13085
Mu R = 0
results:
Mu Array :
  Columns 1 through 13

    0.0416    0.0124    0.1035    0.0018    0.0503    0.0292    0.0303    0.0158    0.0320    0.0197    0.0526    0.0712    0.0282
    0.0113    0.0165    0.0244    0.0014    0.0192    0.0082    0.0065    0.0055    0.0077    0.0090    0.0042    0.0464    0.0098

  Columns 14 through 26

    0.0083    0.0262    0.0221    0.0394    0.0372    0.1601    0.0101    0.1581    0.0052    0.0415    0.0169    0.0023    0.0019
    0.0043    0.0017    0.0063    0.0077    0.0097    0.0435    0.0013    0.0190    0.0083    0.0042    0.0016    0.0416    0.0248

  Columns 27 through 39

    0.0025    0.0010    0.0010    0.0019    0.0004    0.0004    0.0011    0.0006    0.0007    0.0022    0.0045    0.0009    0.0027
    0.0360    0.0218    0.0107    0.0273    0.0082    0.0159    0.0080    0.0160    0.0082    0.0193    0.0296    0.0020    0.0098

  Columns 40 through 52

    0.0073    0.0010    0.0026    0.0032    0.0005    0.0115    0.0027    0.0013    0.0008    0.0031    0.0100    0.0018    0.0142
    0.0176    0.0093    0.0135    0.0191    0.0062    0.0157    0.0116    0.0032    0.0047    0.0124    0.0169    0.0057    0.0045

  Columns 53 through 57

    0.0246    0.0020    0.0061    0.0088    0.0240
    0.0051    0.0024    0.0024    0.0028    0.0139

Sigma Array :
    0.0390    0.1515
    0.0120    0.0484
    0.0833    0.1734
    0.0018    0.3807
    0.0429    0.1046
    0.0279    0.0977
    0.0290    0.1164
    0.0153    0.0842
    0.0313    0.1333
    0.0184    0.0612
    0.0511    0.2043
    0.0559    0.1117
    0.0278    0.1148
    0.0082    0.1064
    0.0259    0.2434
    0.0197    0.0728
    0.0376    0.1568
    0.0355    0.1346
    0.0715    0.1195
    0.0099    0.0871
    0.0873    0.1704
    0.0052    0.2653
    0.0406    0.1706
    0.0162    0.0918
    0.0023    0.0696
    0.0019    0.0697
    0.0025    0.0795
    0.0010    0.1216
    0.0010    0.0981
    0.0019    0.1900
    0.0004    0.0541
    0.0004    0.1060
    0.0011    0.0592
    0.0006    0.1277
    0.0007    0.0284
    0.0022    0.0833
    0.0045    0.1149
    0.0009    0.1569
    0.0027    0.1016
    0.0072    0.0953
    0.0010    0.1393
    0.0026    0.1495
    0.0032    0.0959
    0.0005    0.0316
    0.0110    0.0900
    0.0027    0.0581
    0.0013    0.3077
    0.0008    0.0811
    0.0031    0.0540
    0.0083    0.0213
    0.0018    0.0456
    0.0107    0.0532
    0.0217    0.0918
    0.0019    0.0249
    0.0044    0.0950
    0.0066    0.0359
    0.0175    0.0678
    0.0112    0.1369
    0.0163    0.4301
    0.0240    0.1134
    0.0014    0.2934
    0.0187    0.1328
    0.0081    0.1022
    0.0065    0.1758
    0.0055    0.0993
    0.0077    0.1118
    0.0089    0.0803
    0.0042    0.1033
    0.0434    0.1564
    0.0098    0.1324
    0.0043    0.1466
    0.0017    0.1058
    0.0063    0.1156
    0.0076    0.0936
    0.0096    0.1116
    0.0393    0.0859
    0.0013    0.1271
    0.0186    0.0723
    0.0083    0.4541
    0.0042    0.1186
    0.0016    0.1055
    0.0394    0.1836
    0.0243    0.1306
    0.0346    0.3240
    0.0216    0.1887
    0.0106    0.1541
    0.0271    0.2473
    0.0082    0.1283
    0.0159    0.3258
    0.0080    0.1124
    0.0160    0.3212
    0.0081    0.0866
    0.0191    0.1531
    0.0289    0.1476
    0.0020    0.2144
    0.0098    0.1411
    0.0176    0.3001
    0.0093    0.2963
    0.0134    0.2152
    0.0190    0.2436
    0.0061    0.1348
    0.0153    0.1029
    0.0115    0.1423
    0.0032    0.2963
    0.0047    0.1435
    0.0121    0.1789
    0.0143    0.0536
    0.0056    0.0880
    0.0043    0.0423
    0.0050    0.0682
    0.0023    0.0922
    0.0017    0.0649
    0.0020    0.0454
    0.0106    0.0791

Confusion Matrix : 

confMtx =

        2341        1798
         447          15

Accuracy : 

accur =

    0.5121


ans =

    0.4879

>> AsymGibbs
***************** k = 2 *****************
Initialization:
Confusion Matrix for K-means : 
Confusion Matrix : 

confMtx =

          33           0
        2755        1813

Accuracy : 

accur =

    0.4012


ans =

    0.5988

Confusion Matrix for GMM : 
Confusion Matrix : 

confMtx =

         295          35
        2493        1778

Accuracy : 

accur =

    0.4506


ans =

    0.5494

**** Round = 1 **** k =2
Data R = -7161176.8712
Mu Prior R = -7.9195e-05
Sigma Prior R = -0.12793
Mu R = 0
results:
Mu Array :
  Columns 1 through 13

    0.0000    0.0135    0.0000    0.0000    0.0142    0.0000    0.0000    0.0000    0.0000    0.0033    0.0000    0.0195    0.0000
    0.0232    0.0149    0.0554    0.0015    0.0313    0.0164    0.0158    0.0095    0.0172    0.0132    0.0231    0.0563    0.0170

  Columns 14 through 26

    0.0000    0.0000    0.0000    0.0000    0.0000    0.0193    0.0000    0.0191    0.0000    0.0000    0.0000    0.3122    0.1953
    0.0059    0.0112    0.0125    0.0201    0.0205    0.0891    0.0047    0.0733    0.0071    0.0188    0.0076    0.0243    0.0146

  Columns 27 through 39

    0.0987    0.3540    0.2313    0.5576    0.2575    0.7161    0.0000    0.7161    0.1609    0.4185    0.0000    0.0000    0.0032
    0.0225    0.0113    0.0053    0.0136    0.0034    0.0048    0.0054    0.0049    0.0041    0.0097    0.0200    0.0016    0.0071

  Columns 40 through 52

    0.6761    0.0000    0.0087    0.0000    0.0040    0.0033    0.0032    0.0000    0.0000    0.0013    0.0962    0.0000    0.0000
    0.0088    0.0062    0.0093    0.0130    0.0040    0.0141    0.0082    0.0025    0.0032    0.0089    0.0137    0.0042    0.0083

  Columns 53 through 57

    0.0000    0.0007    0.0019    0.0010    0.0025
    0.0127    0.0022    0.0038    0.0052    0.0179

Sigma Array :
    0.0000    0.0000
    0.0135    0.4305
    0.0000    0.0000
    0.0000    0.0000
    0.0142    0.2213
    0.0000    0.0000
    0.0000    0.0000
    0.0000    0.0000
    0.0000    0.0000
    0.0033    0.1067
    0.0000    0.0000
    0.0195    0.2012
    0.0000    0.0000
    0.0000    0.0000
    0.0000    0.0000
    0.0000    0.0000
    0.0000    0.0000
    0.0000    0.0000
    0.0193    0.1125
    0.0000    0.0000
    0.0191    0.1927
    0.0000    0.0000
    0.0000    0.0000
    0.0000    0.0000
    0.1353    0.1143
    0.0702    0.0708
    0.0333    0.0344
    0.1417    0.1335
    0.0977    0.0860
    0.2284    0.1930
    0.1030    0.0971
    0.2405    0.2207
    0.0000    0.0000
    0.2405    0.2207
    0.0644    0.0607
    0.1675    0.1578
    0.0000    0.0000
    0.0000    0.0000
    0.0032    0.1021
    0.2706    0.2550
    0.0000    0.0000
    0.0087    0.2771
    0.0000    0.0000
    0.0040    0.1275
    0.0033    0.1064
    0.0032    0.1020
    0.0000    0.0000
    0.0000    0.0000
    0.0013    0.0409
    0.0298    0.0257
    0.0000    0.0000
    0.0000    0.0000
    0.0000    0.0000
    0.0007    0.0115
    0.0004    0.0004
    0.0000    0.0002
    0.0005    0.0017
    0.0226    0.1500
    0.0146    0.2384
    0.0524    0.1570
    0.0015    0.3291
    0.0296    0.1177
    0.0162    0.1015
    0.0156    0.1345
    0.0094    0.0896
    0.0171    0.1319
    0.0129    0.0706
    0.0230    0.1937
    0.0504    0.1338
    0.0169    0.1256
    0.0059    0.1226
    0.0112    0.2251
    0.0121    0.0874
    0.0198    0.1410
    0.0202    0.1278
    0.0716    0.1189
    0.0047    0.0944
    0.0659    0.1560
    0.0071    0.3801
    0.0186    0.1695
    0.0075    0.0926
    0.0238    0.1670
    0.0146    0.1230
    0.0221    0.2917
    0.0113    0.1651
    0.0053    0.1350
    0.0136    0.1925
    0.0034    0.0938
    0.0048    0.1423
    0.0054    0.1056
    0.0049    0.1407
    0.0041    0.0717
    0.0097    0.1039
    0.0199    0.1446
    0.0016    0.1980
    0.0071    0.1348
    0.0088    0.1382
    0.0062    0.2829
    0.0092    0.2085
    0.0130    0.2205
    0.0039    0.1229
    0.0137    0.0993
    0.0081    0.1306
    0.0025    0.2996
    0.0032    0.1365
    0.0087    0.1569
    0.0115    0.0431
    0.0042    0.0805
    0.0075    0.0465
    0.0122    0.0839
    0.0022    0.0634
    0.0028    0.0770
    0.0040    0.0424
    0.0136    0.0745

Confusion Matrix : 

confMtx =

         254          26
        2534        1787

Accuracy : 

accur =

    0.4436


ans =

    0.5564

>> AsymGibbs
***************** k = 2 *****************
Initialization:
Confusion Matrix for K-means : 
Confusion Matrix : 

confMtx =

         445        1337
        2343         476

Accuracy : 

accur =

    0.2002


ans =

    0.7998

Confusion Matrix for GMM : 
Confusion Matrix : 

confMtx =

        1151        1697
        1637         116

Accuracy : 

accur =

    0.2754


ans =

    0.7246

**** Round = 1 **** k =2
Data R = -8834695.3954
Mu Prior R = -5.5217e-05
Sigma Prior R = -0.10971
Mu R = 0
results:
Mu Array :
  Columns 1 through 13

    0.0416    0.0124    0.1035    0.0018    0.0503    0.0292    0.0303    0.0158    0.0320    0.0197    0.0526    0.0712    0.0282
    0.0113    0.0165    0.0244    0.0014    0.0192    0.0082    0.0065    0.0055    0.0077    0.0090    0.0042    0.0464    0.0098

  Columns 14 through 26

    0.0083    0.0262    0.0221    0.0394    0.0372    0.1601    0.0101    0.1581    0.0052    0.0415    0.0169    0.0023    0.0019
    0.0043    0.0017    0.0063    0.0077    0.0097    0.0435    0.0013    0.0190    0.0083    0.0042    0.0016    0.0416    0.0248

  Columns 27 through 39

    0.0025    0.0010    0.0010    0.0019    0.0004    0.0004    0.0011    0.0006    0.0007    0.0022    0.0045    0.0009    0.0027
    0.0360    0.0218    0.0107    0.0273    0.0082    0.0159    0.0080    0.0160    0.0082    0.0193    0.0296    0.0020    0.0098

  Columns 40 through 52

    0.0073    0.0010    0.0026    0.0032    0.0005    0.0115    0.0027    0.0013    0.0008    0.0031    0.0100    0.0018    0.0142
    0.0176    0.0093    0.0135    0.0191    0.0062    0.0157    0.0116    0.0032    0.0047    0.0124    0.0169    0.0057    0.0045

  Columns 53 through 57

    0.0246    0.0020    0.0061    0.0088    0.0240
    0.0051    0.0024    0.0024    0.0028    0.0139

Sigma Array :
    0.0390    0.1515
    0.0120    0.0484
    0.0833    0.1734
    0.0018    0.3807
    0.0429    0.1046
    0.0279    0.0977
    0.0290    0.1164
    0.0153    0.0842
    0.0313    0.1333
    0.0184    0.0612
    0.0511    0.2043
    0.0559    0.1117
    0.0278    0.1148
    0.0082    0.1064
    0.0259    0.2434
    0.0197    0.0728
    0.0376    0.1568
    0.0355    0.1346
    0.0715    0.1195
    0.0099    0.0871
    0.0873    0.1704
    0.0052    0.2653
    0.0406    0.1706
    0.0162    0.0918
    0.0023    0.0696
    0.0019    0.0697
    0.0025    0.0795
    0.0010    0.1216
    0.0010    0.0981
    0.0019    0.1900
    0.0004    0.0541
    0.0004    0.1060
    0.0011    0.0592
    0.0006    0.1277
    0.0007    0.0284
    0.0022    0.0833
    0.0045    0.1149
    0.0009    0.1569
    0.0027    0.1016
    0.0072    0.0953
    0.0010    0.1393
    0.0026    0.1495
    0.0032    0.0959
    0.0005    0.0316
    0.0110    0.0900
    0.0027    0.0581
    0.0013    0.3077
    0.0008    0.0811
    0.0031    0.0540
    0.0083    0.0213
    0.0018    0.0456
    0.0107    0.0532
    0.0217    0.0918
    0.0019    0.0249
    0.0044    0.0950
    0.0066    0.0359
    0.0175    0.0678
    0.0112    0.1369
    0.0163    0.4301
    0.0240    0.1134
    0.0014    0.2934
    0.0187    0.1328
    0.0081    0.1022
    0.0065    0.1758
    0.0055    0.0993
    0.0077    0.1118
    0.0089    0.0803
    0.0042    0.1033
    0.0434    0.1564
    0.0098    0.1324
    0.0043    0.1466
    0.0017    0.1058
    0.0063    0.1156
    0.0076    0.0936
    0.0096    0.1116
    0.0393    0.0859
    0.0013    0.1271
    0.0186    0.0723
    0.0083    0.4541
    0.0042    0.1186
    0.0016    0.1055
    0.0394    0.1836
    0.0243    0.1306
    0.0346    0.3240
    0.0216    0.1887
    0.0106    0.1541
    0.0271    0.2473
    0.0082    0.1283
    0.0159    0.3258
    0.0080    0.1124
    0.0160    0.3212
    0.0081    0.0866
    0.0191    0.1531
    0.0289    0.1476
    0.0020    0.2144
    0.0098    0.1411
    0.0176    0.3001
    0.0093    0.2963
    0.0134    0.2152
    0.0190    0.2436
    0.0061    0.1348
    0.0153    0.1029
    0.0115    0.1423
    0.0032    0.2963
    0.0047    0.1435
    0.0121    0.1789
    0.0143    0.0536
    0.0056    0.0880
    0.0043    0.0423
    0.0050    0.0682
    0.0023    0.0922
    0.0017    0.0649
    0.0020    0.0454
    0.0106    0.0791

Confusion Matrix : 

confMtx =

        2341        1798
         447          15

Accuracy : 

accur =

    0.5121


ans =

    0.4879

>> AsymGibbs
***************** k = 2 *****************
Initialization:
Confusion Matrix for K-means : 
Confusion Matrix : 

confMtx =

        2755        1813
          33           0

Accuracy : 

accur =

    0.5988


ans =

    0.4012

Confusion Matrix for GMM : 
Confusion Matrix : 

confMtx =

        2493        1778
         295          35

Accuracy : 

accur =

    0.5494


ans =

    0.4506

**** Round = 1 **** k =2
Data R = -1964834.4005
Mu Prior R = -5.4373e-05
Sigma Prior R = -0.13528
Mu R = 0
results:
Mu Array :
  Columns 1 through 13

    0.0232    0.0149    0.0554    0.0015    0.0313    0.0164    0.0158    0.0095    0.0172    0.0132    0.0231    0.0563    0.0170
    0.0000    0.0135    0.0000    0.0000    0.0142    0.0000    0.0000    0.0000    0.0000    0.0033    0.0000    0.0195    0.0000

  Columns 14 through 26

    0.0059    0.0112    0.0125    0.0201    0.0205    0.0891    0.0047    0.0733    0.0071    0.0188    0.0076    0.0243    0.0146
    0.0000    0.0000    0.0000    0.0000    0.0000    0.0193    0.0000    0.0191    0.0000    0.0000    0.0000    0.3122    0.1953

  Columns 27 through 39

    0.0225    0.0113    0.0053    0.0136    0.0034    0.0048    0.0054    0.0049    0.0041    0.0097    0.0200    0.0016    0.0071
    0.0987    0.3540    0.2313    0.5576    0.2575    0.7161    0.0000    0.7161    0.1609    0.4185    0.0000    0.0000    0.0032

  Columns 40 through 52

    0.0088    0.0062    0.0093    0.0130    0.0040    0.0141    0.0082    0.0025    0.0032    0.0089    0.0137    0.0042    0.0083
    0.6761    0.0000    0.0087    0.0000    0.0040    0.0033    0.0032    0.0000    0.0000    0.0013    0.0962    0.0000    0.0000

  Columns 53 through 57

    0.0127    0.0022    0.0038    0.0052    0.0179
    0.0000    0.0007    0.0019    0.0010    0.0025

Sigma Array :
    0.0226    0.1500
    0.0146    0.2384
    0.0524    0.1570
    0.0015    0.3291
    0.0296    0.1177
    0.0162    0.1015
    0.0156    0.1345
    0.0094    0.0896
    0.0171    0.1319
    0.0129    0.0706
    0.0230    0.1937
    0.0504    0.1338
    0.0169    0.1256
    0.0059    0.1226
    0.0112    0.2251
    0.0121    0.0874
    0.0198    0.1410
    0.0202    0.1278
    0.0716    0.1189
    0.0047    0.0944
    0.0659    0.1560
    0.0071    0.3801
    0.0186    0.1695
    0.0075    0.0926
    0.0238    0.1670
    0.0146    0.1230
    0.0221    0.2917
    0.0113    0.1651
    0.0053    0.1350
    0.0136    0.1925
    0.0034    0.0938
    0.0048    0.1423
    0.0054    0.1056
    0.0049    0.1407
    0.0041    0.0717
    0.0097    0.1039
    0.0199    0.1446
    0.0016    0.1980
    0.0071    0.1348
    0.0088    0.1382
    0.0062    0.2829
    0.0092    0.2085
    0.0130    0.2205
    0.0039    0.1229
    0.0137    0.0993
    0.0081    0.1306
    0.0025    0.2996
    0.0032    0.1365
    0.0087    0.1569
    0.0115    0.0431
    0.0042    0.0805
    0.0075    0.0465
    0.0122    0.0839
    0.0022    0.0634
    0.0028    0.0770
    0.0040    0.0424
    0.0136    0.0745
    0.0000    0.0000
    0.0135    0.4305
    0.0000    0.0000
    0.0000    0.0000
    0.0142    0.2213
    0.0000    0.0000
    0.0000    0.0000
    0.0000    0.0000
    0.0000    0.0000
    0.0033    0.1067
    0.0000    0.0000
    0.0195    0.2012
    0.0000    0.0000
    0.0000    0.0000
    0.0000    0.0000
    0.0000    0.0000
    0.0000    0.0000
    0.0000    0.0000
    0.0193    0.1125
    0.0000    0.0000
    0.0191    0.1927
    0.0000    0.0000
    0.0000    0.0000
    0.0000    0.0000
    0.1353    0.1143
    0.0702    0.0708
    0.0333    0.0344
    0.1417    0.1335
    0.0977    0.0860
    0.2284    0.1930
    0.1030    0.0971
    0.2405    0.2207
    0.0000    0.0000
    0.2405    0.2207
    0.0644    0.0607
    0.1675    0.1578
    0.0000    0.0000
    0.0000    0.0000
    0.0032    0.1021
    0.2706    0.2550
    0.0000    0.0000
    0.0087    0.2771
    0.0000    0.0000
    0.0040    0.1275
    0.0033    0.1064
    0.0032    0.1020
    0.0000    0.0000
    0.0000    0.0000
    0.0013    0.0409
    0.0298    0.0257
    0.0000    0.0000
    0.0000    0.0000
    0.0000    0.0000
    0.0007    0.0115
    0.0004    0.0004
    0.0000    0.0002
    0.0005    0.0017

Confusion Matrix : 

confMtx =

        2534        1787
         254          26

Accuracy : 

accur =

    0.5564


ans =

    0.4436

>> AsymGibbs
***************** k = 2 *****************
Initialization:
Confusion Matrix for K-means : 
Confusion Matrix : 

confMtx =

         445        1337
        2343         476

Accuracy : 

accur =

    0.2002


ans =

    0.7998

Confusion Matrix for GMM : 
Confusion Matrix : 

confMtx =

        1151        1697
        1637         116

Accuracy : 

accur =

    0.2754


ans =

    0.7246

**** Round = 1 **** k =2
Data R = -8779620.7991
Mu Prior R = -5.498e-05
Sigma Prior R = -0.12707
Mu R = 0
results:
Mu Array :
  Columns 1 through 13

    0.0416    0.0124    0.1035    0.0018    0.0503    0.0292    0.0303    0.0158    0.0320    0.0197    0.0526    0.0712    0.0282
    0.0113    0.0165    0.0244    0.0014    0.0192    0.0082    0.0065    0.0055    0.0077    0.0090    0.0042    0.0464    0.0098

  Columns 14 through 26

    0.0083    0.0262    0.0221    0.0394    0.0372    0.1601    0.0101    0.1581    0.0052    0.0415    0.0169    0.0023    0.0019
    0.0043    0.0017    0.0063    0.0077    0.0097    0.0435    0.0013    0.0190    0.0083    0.0042    0.0016    0.0416    0.0248

  Columns 27 through 39

    0.0025    0.0010    0.0010    0.0019    0.0004    0.0004    0.0011    0.0006    0.0007    0.0022    0.0045    0.0009    0.0027
    0.0360    0.0218    0.0107    0.0273    0.0082    0.0159    0.0080    0.0160    0.0082    0.0193    0.0296    0.0020    0.0098

  Columns 40 through 52

    0.0073    0.0010    0.0026    0.0032    0.0005    0.0115    0.0027    0.0013    0.0008    0.0031    0.0100    0.0018    0.0142
    0.0176    0.0093    0.0135    0.0191    0.0062    0.0157    0.0116    0.0032    0.0047    0.0124    0.0169    0.0057    0.0045

  Columns 53 through 57

    0.0246    0.0020    0.0061    0.0088    0.0240
    0.0051    0.0024    0.0024    0.0028    0.0139

Sigma Array :
    0.0390    0.1515
    0.0120    0.0484
    0.0833    0.1734
    0.0018    0.3807
    0.0429    0.1046
    0.0279    0.0977
    0.0290    0.1164
    0.0153    0.0842
    0.0313    0.1333
    0.0184    0.0612
    0.0511    0.2043
    0.0559    0.1117
    0.0278    0.1148
    0.0082    0.1064
    0.0259    0.2434
    0.0197    0.0728
    0.0376    0.1568
    0.0355    0.1346
    0.0715    0.1195
    0.0099    0.0871
    0.0873    0.1704
    0.0052    0.2653
    0.0406    0.1706
    0.0162    0.0918
    0.0023    0.0696
    0.0019    0.0697
    0.0025    0.0795
    0.0010    0.1216
    0.0010    0.0981
    0.0019    0.1900
    0.0004    0.0541
    0.0004    0.1060
    0.0011    0.0592
    0.0006    0.1277
    0.0007    0.0284
    0.0022    0.0833
    0.0045    0.1149
    0.0009    0.1569
    0.0027    0.1016
    0.0072    0.0953
    0.0010    0.1393
    0.0026    0.1495
    0.0032    0.0959
    0.0005    0.0316
    0.0110    0.0900
    0.0027    0.0581
    0.0013    0.3077
    0.0008    0.0811
    0.0031    0.0540
    0.0083    0.0213
    0.0018    0.0456
    0.0107    0.0532
    0.0217    0.0918
    0.0019    0.0249
    0.0044    0.0950
    0.0066    0.0359
    0.0175    0.0678
    0.0112    0.1369
    0.0163    0.4301
    0.0240    0.1134
    0.0014    0.2934
    0.0187    0.1328
    0.0081    0.1022
    0.0065    0.1758
    0.0055    0.0993
    0.0077    0.1118
    0.0089    0.0803
    0.0042    0.1033
    0.0434    0.1564
    0.0098    0.1324
    0.0043    0.1466
    0.0017    0.1058
    0.0063    0.1156
    0.0076    0.0936
    0.0096    0.1116
    0.0393    0.0859
    0.0013    0.1271
    0.0186    0.0723
    0.0083    0.4541
    0.0042    0.1186
    0.0016    0.1055
    0.0394    0.1836
    0.0243    0.1306
    0.0346    0.3240
    0.0216    0.1887
    0.0106    0.1541
    0.0271    0.2473
    0.0082    0.1283
    0.0159    0.3258
    0.0080    0.1124
    0.0160    0.3212
    0.0081    0.0866
    0.0191    0.1531
    0.0289    0.1476
    0.0020    0.2144
    0.0098    0.1411
    0.0176    0.3001
    0.0093    0.2963
    0.0134    0.2152
    0.0190    0.2436
    0.0061    0.1348
    0.0153    0.1029
    0.0115    0.1423
    0.0032    0.2963
    0.0047    0.1435
    0.0121    0.1789
    0.0143    0.0536
    0.0056    0.0880
    0.0043    0.0423
    0.0050    0.0682
    0.0023    0.0922
    0.0017    0.0649
    0.0020    0.0454
    0.0106    0.0791

Confusion Matrix : 

confMtx =

        2341        1798
         447          15

Accuracy : 

accur =

    0.5121


ans =

    0.4879

>> AsymGibbs
***************** k = 2 *****************
Initialization:
Confusion Matrix for K-means : 
Confusion Matrix : 

confMtx =

           0           7
        2788        1806

Accuracy : 

accur =

    0.3925


ans =

    0.6075

Confusion Matrix for GMM : 
Confusion Matrix : 

confMtx =

           0           7
        2788        1806

Accuracy : 

accur =

    0.3925


ans =

    0.6075

**** Round = 1 **** k =2
Data R = -1531152.2064
Mu Prior R = -5.3542e-05
Sigma Prior R = -0.13161
Mu R = 0
results:
Mu Array :
  Columns 1 through 13

    0.0365    0.0000    0.0000    0.7858    0.0374    0.0000    0.0401    0.0149    0.0000    0.0058    0.0000    0.0182    0.0000
    0.0230    0.0149    0.0551    0.0003    0.0312    0.0163    0.0157    0.0095    0.0171    0.0132    0.0230    0.0561    0.0170

  Columns 14 through 26

    0.0166    0.0136    0.0228    0.0232    0.0434    0.0563    0.0000    0.0872    0.0792    0.0336    0.0334    0.0000    0.0000
    0.0058    0.0112    0.0124    0.0200    0.0203    0.0887    0.0047    0.0729    0.0070    0.0186    0.0075    0.0264    0.0160

  Columns 27 through 39

    0.0000    0.0000    0.0000    0.0000    0.0000    0.0000    0.0000    0.0000    0.0010    0.0098    0.0087    0.0000    0.0068
    0.0231    0.0138    0.0069    0.0175    0.0052    0.0099    0.0054    0.0101    0.0053    0.0127    0.0199    0.0016    0.0071

  Columns 40 through 52

    0.0000    0.0000    0.0000    0.0000    0.0000    0.0000    0.0000    0.0000    0.0020    0.0008    0.0051    0.0000    0.0035
    0.0136    0.0061    0.0093    0.0129    0.0040    0.0141    0.0082    0.0025    0.0032    0.0088    0.0143    0.0042    0.0083

  Columns 53 through 57

    0.0211    0.0021    0.0070    0.0134    0.0330
    0.0126    0.0022    0.0038    0.0051    0.0178

Sigma Array :
    0.0365    0.0913
    0.0000    0.0000
    0.0000    0.0000
    0.3316    0.1533
    0.0338    0.0549
    0.0000    0.0000
    0.0294    0.0340
    0.0149    0.0373
    0.0000    0.0000
    0.0058    0.0148
    0.0000    0.0000
    0.0182    0.0264
    0.0000    0.0000
    0.0166    0.0414
    0.0136    0.0816
    0.0213    0.0417
    0.0232    0.0580
    0.0378    0.0587
    0.0322    0.0769
    0.0000    0.0000
    0.0684    0.0828
    0.0792    0.4752
    0.0336    0.2013
    0.0304    0.0485
    0.0000    0.0000
    0.0000    0.0000
    0.0000    0.0000
    0.0000    0.0000
    0.0000    0.0000
    0.0000    0.0000
    0.0000    0.0000
    0.0000    0.0000
    0.0000    0.0000
    0.0000    0.0000
    0.0010    0.0060
    0.0098    0.0591
    0.0087    0.0522
    0.0000    0.0000
    0.0068    0.0409
    0.0000    0.0000
    0.0000    0.0000
    0.0000    0.0000
    0.0000    0.0000
    0.0000    0.0000
    0.0000    0.0000
    0.0000    0.0000
    0.0000    0.0000
    0.0020    0.0120
    0.0008    0.0051
    0.0051    0.0085
    0.0000    0.0000
    0.0035    0.0030
    0.0191    0.0263
    0.0021    0.0127
    0.0036    0.0106
    0.0018    0.0028
    0.0147    0.0356
    0.0224    0.1502
    0.0146    0.2388
    0.0521    0.1572
    0.0003    0.0767
    0.0295    0.1181
    0.0161    0.1016
    0.0155    0.1351
    0.0094    0.0897
    0.0170    0.1320
    0.0128    0.0705
    0.0229    0.1925
    0.0503    0.1340
    0.0168    0.1256
    0.0058    0.1229
    0.0111    0.2255
    0.0121    0.0864
    0.0197    0.1413
    0.0200    0.1282
    0.0715    0.1189
    0.0047    0.0944
    0.0658    0.1557
    0.0070    0.3767
    0.0185    0.1695
    0.0074    0.0928
    0.0258    0.1755
    0.0158    0.1272
    0.0227    0.2843
    0.0137    0.1873
    0.0069    0.1483
    0.0175    0.2431
    0.0052    0.1263
    0.0099    0.3237
    0.0053    0.1056
    0.0101    0.3169
    0.0053    0.0834
    0.0126    0.1475
    0.0197    0.1447
    0.0016    0.1980
    0.0071    0.1349
    0.0136    0.2392
    0.0061    0.2829
    0.0092    0.2087
    0.0129    0.2206
    0.0040    0.1229
    0.0137    0.0994
    0.0081    0.1305
    0.0025    0.2996
    0.0032    0.1369
    0.0086    0.1567
    0.0120    0.0450
    0.0042    0.0805
    0.0075    0.0464
    0.0121    0.0839
    0.0022    0.0633
    0.0028    0.0769
    0.0039    0.0426
    0.0135    0.0744

Confusion Matrix : 

confMtx =

         323         249
        2465        1564

Accuracy : 

accur =

    0.4101


ans =

    0.5899

>> 842387.589082502